A0  6  0  21
A1  9  12  61
A2  9  52  73
A3  12  61  88
A4  30  58  99
A5  45  54  169
A6  70  99  192
A7  75  117  215
A8  75  140  233
A9  90  143  238
B0  150  88  318
B1  155  163  368
B2  155  213  380
B3  220  160  425
B4  230  195  458
B5  240  218  469
B6  240  229  484
B7  258  226  492
B8  275  217  582
B9  291  291  702
C0  308  394  707
C1  325  382  715
C2  342  373  749
C3  359  390  784
C4  376  408  844
C5  392  452  855
C6  409  446  867
C7  426  441  882
C8  443  439  969
C9  460  509  1033
D0  460  573  1082
D1  493  589  1097
D2  510  587  1143
D3  527  616  1191
D4  544  647  1214
D5  561  653  1224
D6  577  647  1304
D7  611  693  1360
D8  611  749  1380
D9  628  752  1391
E0  887  504  1422
E1  890  532  1444
E2  900  544  1451
E3  900  551  1469
E4  900  569  1476
E5  920  556  1516
E6  933  583  1575
E7  933  642  1615
E8  950  665  1626
E9  955  671  1663
F0  960  703  1687
F1  962  725  1691
F2  977  714  1705
F3  980  725  1718
F4  989  729  1750
F5  990  760  1762
F6  992  770  1789
F7  994  795  1801
F8  999  802  1861
F9  3000  0  3014
G0  3020  0  3071
G1  3300  0  3311
G2  3309  2  3319
G3  3400  0  3490
G4  3409  81  3890
G5  4000  0  4029
G6  4000  29  4064
G7  4200  0  4241
G8  4330  0  4343
G9  4400  0  4423
H0  4442  0  4498
H1  4444  54  4517
H2  4489  28  4551
H3  4492  59  4571
H4  4800  0  4874
H5  4801  73  4897
H6  4819  78  4968
H7  4900  68  4982
H8  4912  70  4993
H9  4928  65  5002
I0  5000  2  5082
I1  5080  2  5103
I2  5099  4  5120
I3  5140  0  5164
I4  5140  24  5188
I5  5140  48  5201
I6  5140  61  5291
I7  5200  91  5323
I8  5201  122  5335
I9  5245  90  5455
J0  8000  0  8040
J1  8009  31  8066
J2  8100  0  8113
J3  8139  0  8204
J4  8250  0  8260
J5  8260  0  8282
J6  8300  0  8314
J7  8420  0  8510
J8  8880  0  8955
J9  8999  0  9209
