A0 6 0 21 
A4 30 0 41 
A5 45 0 115 
A3 12 90 117 
A7 75 42 140 
B2 155 0 167 
A1 9 143 192 
A9 90 102 197 
B7 258 0 266 
B4 230 8 271 
B8 275 0 365 
B9 291 74 485 
C7 426 59 500 
D4 544 0 567 
C9 460 63 587 
B5 240 343 594 
D8 611 0 631 
C8 443 171 701 
D7 611 90 757 
C0 308 449 762 
D2 510 252 808 
D0 460 348 857 
E4 900 0 907 
E1 890 7 919 
E5 920 0 960 
F2 977 0 991 
F3 980 11 1004 
E9 955 32 1024 
E6 933 91 1083 
E7 933 150 1123 
F6 992 131 1150 
F4 989 161 1182 
F7 994 188 1194 
F8 999 195 1254 
B0 150 1037 1267 
C3 359 908 1302 
D3 527 775 1350 
F0 960 390 1374 
A8 75 1299 1392 
B3 220 1172 1437 
C4 376 1061 1497 
D5 561 936 1507 
E8 950 557 1518 
F1 962 556 1522 
B1 155 1367 1572 
B6 240 1332 1587 
C2 342 1245 1621 
C5 392 1229 1632 
C6 409 1223 1644 
D1 493 1151 1659 
D9 628 1031 1670 
E2 900 770 1677 
F5 990 687 1689 
A2 9 1680 1701 
A6 70 1631 1724 
C1 325 1399 1732 
D6 577 1155 1812 
E0 887 925 1843 
E3 900 943 1861 
F9 3000 0 3014 
G0 3020 0 3071 
G2 3309 0 3317 
G1 3300 8 3319 
G4 3409 0 3809 
G3 3400 400 3890 
G5 4000 0 4029 
G6 4000 29 4064 
G7 4200 0 4241 
G8 4330 0 4343 
G9 4400 0 4423 
H1 4444 0 4463 
H2 4489 0 4523 
H0 4442 53 4551 
H3 4492 59 4571 
H4 4800 0 4874 
H5 4801 73 4897 
H8 4912 0 4923 
H6 4819 89 4979 
H7 4900 79 4993 
I0 5000 0 5080 
I2 5099 0 5116 
I1 5080 17 5118 
H9 4928 183 5120 
I6 5140 0 5230 
I9 5245 0 5365 
I7 5200 150 5382 
I8 5201 181 5394 
I3 5140 254 5418 
I5 5140 278 5431 
I4 5140 291 5455 
J0 8000 0 8040 
J1 8009 31 8066 
J2 8100 0 8113 
J3 8139 0 8204 
J4 8250 0 8260 
J5 8260 0 8282 
J6 8300 0 8314 
J7 8420 0 8510 
J8 8880 0 8955 
J9 8999 0 9209 
