A3 12 0 27 
A2 9 18 39 
A4 30 15 56 
A8 75 15 108 
A1 9 76 125 
A9 90 65 160 
A5 45 85 200 
A6 70 125 218 
B5 240 35 286 
B2 155 170 337 
A7 75 240 338 
B4 230 129 392 
B1 155 193 398 
B3 220 154 419 
B6 240 186 441 
B7 258 185 451 
C0 308 185 498 
C1 325 219 552 
B0 150 330 560 
C2 342 235 611 
C4 376 252 688 
B8 275 395 760 
B9 291 403 814 
C3 359 438 832 
C5 392 440 843 
C6 409 434 855 
C7 426 429 870 
E2 900 80 987 
D3 527 452 1027 
C8 443 565 1095 
C9 460 631 1155 
D0 460 683 1192 
D1 493 697 1205 
D2 510 690 1246 
D4 544 689 1256 
D5 561 695 1266 
D6 577 672 1329 
D7 611 713 1380 
D8 611 764 1395 
D9 628 765 1404 
E0 887 502 1420 
E1 890 527 1439 
E3 900 539 1457 
E4 900 557 1464 
E5 920 544 1504 
E6 933 571 1563 
E7 933 630 1603 
E8 950 653 1614 
E9 955 659 1651 
F0 960 691 1675 
F1 962 713 1679 
F2 977 702 1693 
F3 980 713 1706 
F4 989 717 1738 
F5 990 748 1750 
F6 992 758 1777 
F7 994 783 1789 
F8 999 790 1849 
A0 6 1840 1861 
F9 3000 0 3014 
G0 3020 0 3071 
G2 3309 0 3317 
G1 3300 8 3319 
G4 3409 0 3809 
G3 3400 400 3890 
G6 4000 0 4035 
G5 4000 35 4064 
G7 4200 0 4241 
G8 4330 0 4343 
G9 4400 0 4423 
H1 4444 0 4463 
H3 4492 0 4512 
H2 4489 20 4543 
H0 4442 73 4571 
H6 4819 0 4890 
H5 4801 71 4895 
H8 4912 0 4923 
H7 4900 11 4925 
H9 4928 0 4937 
I0 5000 0 5080 
I2 5099 0 5116 
I1 5080 17 5118 
H4 4800 246 5120 
I8 5201 0 5213 
I4 5140 73 5237 
I6 5140 45 5275 
I5 5140 127 5280 
I7 5200 79 5311 
I9 5245 66 5431 
I3 5140 291 5455 
J1 8009 0 8035 
J0 8000 26 8066 
J2 8100 0 8113 
J3 8139 0 8204 
J4 8250 0 8260 
J5 8260 0 8282 
J6 8300 0 8314 
J7 8420 0 8510 
J8 8880 0 8955 
