A0 6 0 21 
A2 9 12 33 
A4 30 3 44 
A3 12 32 59 
A6 70 0 93 
A9 90 3 98 
A8 75 23 116 
A7 75 41 139 
B2 155 0 167 
A1 9 131 180 
B1 155 25 230 
B5 240 0 251 
B6 240 11 266 
B7 258 8 274 
B4 230 34 297 
C0 308 0 313 
C1 325 0 333 
B3 220 90 355 
C2 342 13 389 
C5 392 0 403 
C6 409 0 421 
C7 426 0 441 
C3 359 68 462 
D1 493 0 508 
D0 460 17 526 
D4 544 0 567 
D5 561 6 577 
D2 510 49 605 
D8 611 0 631 
D9 628 3 642 
D3 527 109 684 
D7 611 73 740 
C4 376 364 800 
C9 460 340 864 
E2 900 0 907 
E4 900 7 914 
E1 890 14 926 
E3 900 26 944 
E8 950 0 961 
F1 962 0 966 
E0 887 69 987 
F3 980 7 1000 
F5 990 10 1012 
F7 994 18 1024 
F2 977 47 1038 
F0 960 78 1062 
F6 992 70 1089 
F4 989 100 1121 
E9 955 166 1158 
E5 920 238 1198 
E7 933 265 1238 
A5 45 1170 1285 
E6 933 352 1344 
F8 999 345 1404 
B0 150 1254 1484 
D6 577 907 1564 
C8 443 1121 1651 
B8 275 1376 1741 
B9 291 1450 1861 
F9 3000 0 3014 
G0 3020 0 3071 
G1 3300 0 3311 
G2 3309 2 3319 
G3 3400 0 3490 
G4 3409 81 3890 
G5 4000 0 4029 
G6 4000 29 4064 
G7 4200 0 4241 
G8 4330 0 4343 
G9 4400 0 4423 
H1 4444 0 4463 
H3 4492 0 4512 
H0 4442 39 4537 
H2 4489 48 4571 
H5 4801 0 4824 
H6 4819 5 4895 
H7 4900 0 4914 
H8 4912 2 4925 
H9 4928 0 4937 
H4 4800 128 5002 
I0 5000 2 5082 
I1 5080 2 5103 
I2 5099 4 5120 
I5 5140 0 5153 
I3 5140 13 5177 
I4 5140 37 5201 
I8 5201 0 5213 
I7 5200 13 5245 
I6 5140 105 5335 
I9 5245 90 5455 
J1 8009 0 8035 
J0 8000 26 8066 
J2 8100 0 8113 
J3 8139 0 8204 
J4 8250 0 8260 
J5 8260 0 8282 
J6 8300 0 8314 
J7 8420 0 8510 
J8 8880 0 8955 
J9 8999 0 9209 
